[notelist.png]
filters=finetune2=1,0.000000,0.075789,0.000000,00000000,0.000000;
moddate=0000c0b34bcf0000
width=480
height=614
textactive=0
